-3.82167433505316e-150
7.51718923231275e-118
-7.45455672165574e-111
-1.28963935416768e-84
-8.14631987763868e-86
1.00754232722061e-82
2.55941016863175e-82
-5.63911340126859e-66
4.04917747143286e-66
9.78464335337390e-55
-4.62461355694604e-54
-3.80111567848239e-52
-9.60436842244796e-53
-8.12247932975455e-51
-2.49271528213247e-52
1.76740498787292e-50
2.09454170138696e-50
2.49007267232408e-51
-7.57853868330324e-51
1.20963980368369e-50
1.15372457501948e-50
-9.85537369716245e-51
4.98625758987640e-51
-3.57052148438633e-50
-3.55007007995956e-50
-3.70124284832045e-50
-2.28291479518574e-51
1.88113468937024e-50
-2.95218220787181e-19
